-0.2479 -0.8518
0.8299 0.4308
0.3942 -0.3022
0.5253 -1.0280
0.2530 -0.9168
0.6688 -0.1016
0.1718 -0.9737
0.9285 -0.0206
0.1297 -0.6275
-0.3850 -1.5023
0.8168 0.0661
-0.8801 -1.9371
0.7131 -0.3400
-0.8273 -1.4794
0.5087 -0.7527
-0.3500 -1.5277
0.5027 -0.1654
0.5700 -0.5277
-0.9796 -1.6626
0.1524 -0.9508
-0.6431 -1.6651
-0.9951 -2.0163
-0.2914 -1.3073
-0.5056 -1.2647
-0.3698 -0.7886
0.0716 -0.6399
0.2237 -0.9003
-0.0599 -1.2986
0.4662 0.0728
0.0250 -0.6704
-0.7092 -1.2650
-0.8284 -1.1611
-0.6583 -1.4671
-0.6537 -1.9053
-0.2740 -0.5122
0.8397 -0.6169
-0.7889 -1.9051
-0.2670 -1.2243
-0.2739 -1.3383
-0.4405 -1.0755
-0.6663 -2.0197
-0.1228 -1.3290
-0.3556 -1.8675
-0.8013 -2.1362
-0.7813 -1.3147
-0.1337 -0.6976
-0.8236 -1.6261
0.7663 -0.4200
0.8571 0.3338
0.0923 -1.0048
-0.4030 -1.4639
-0.9094 -1.5300
-0.2469 -1.0724
-0.1889 -1.3176
0.6483 -0.2601
-0.7555 -1.4722
-0.9623 -2.0162
-0.6335 -1.7280
0.9662 -0.1743
0.2328 -1.4846
-0.3455 -1.2121
-0.8553 -1.9094
-0.5454 -1.1820
-0.5314 -1.2693
-0.7827 -1.7063
-0.0182 -0.7354
-0.2958 -1.7049
0.8820 0.1799
0.4909 -0.6904
-0.4828 -0.8029
-0.3714 -1.8225
-0.0398 -0.8833
-0.9135 -1.3501
-0.1654 -1.4753
0.7832 -0.3179
-0.8324 -2.0296
0.9798 0.1804
0.3313 -0.7759
-0.2809 -0.9036
-0.8987 -1.6864
0.8947 -0.2845
0.1746 -1.0015
-0.3091 -1.3866
0.9123 -0.3970
-0.5258 -1.7161
-0.9448 -1.3446
-0.7328 -1.7271
0.0033 -0.4584
-0.7597 -1.9896
-0.3106 -1.2220
0.7158 -0.4064
-0.4166 -1.2742
0.4190 -0.6878
-0.6694 -1.3536
-0.9653 -1.8072
0.4229 0.0257
-0.4809 -1.6666
0.8743 -0.2730
0.4239 -0.8239
0.7576 -0.2270
