1 -0.06377826470915093 -0.23345327172792363
2 -2.570488736664687 -0.6812494747784056
1 -0.1998434803055562 -0.035832346514852564
1 -0.5899493419598794 0.7980729630939076
1 1.4364257980567567 -1.998398361354695
1 0.2843869734693959 -1.2061377173203227
2 1.934014644831818 -0.34399505822968746
1 0.05477415240079542 1.4356713965408212
1 -0.11427635499320976 0.5488070830643288
1 0.2769746609482565 0.031198565896576325
1 2.443911343515518 -2.8757851582078393
1 -0.5189081183402058 0.5549457430657887
2 -0.8632765961387909 -1.6093766935434495
2 -0.624084273304444 -0.6904939315088348
2 -1.1994081777550767 -0.8015709205330546
1 0.4332093400669087 -0.6566971315819783
1 0.4032053889149989 -0.9067398632578182
2 1.2640656986517316 -2.0933671471447766
2 0.10014563263695009 -1.2190004645078307
2 -0.313013351692484 0.3232865184294129
2 0.7690885095158639 -1.5358126729591142
1 0.48182327652967416 -1.037031318447251
2 0.256708326413307 0.06070710395189671
2 -1.6816128777495056 -0.5432759888832048
2 -1.3342599504298194 -1.8737428773506792
1 2.6344527185339075 -3.313729855792416
2 -0.09010594317646636 -0.3171338130318182
2 0.9447623332821202 -0.786238753253343
1 -0.552282428042498 0.8698665651793007
1 1.6233072210608495 -1.7773641487931355
2 -0.7985614385091682 0.7783560683686872
1 1.8521714915343694 -2.7106518783862468
1 1.313376250394037 -1.5538921602970184
1 2.2553831066393535 -2.494174622872984
1 0.6645200159298333 -0.2836905519915355
2 -0.04492427079975503 -0.27587874176018246
1 0.49128632244422943 0.30057530128967236
1 1.4970219148302322 -1.3053099974498465
2 -3.083065028539858 -0.7740996732076055
1 -0.004761450412110957 1.0036272520400673
2 0.31627414556444267 -0.45479654262010083
1 1.6707005156874721 -2.246162419697016
2 -0.33177810083636794 -0.6805322341879632
1 1.6344221489520745 -0.5124738708742496
2 0.6208146506761485 -1.2630849982540238
1 2.5285129459812445 -3.9190023131049405
2 -1.817421379582768 -0.9717989640959641
1 1.387477322927119 -2.109816805136866
2 -0.09224375388213013 -0.7237603161687106
2 -2.1134619397742456 -1.1737314777037926
1 1.9586334723209355 -2.4968885220159494
1 0.3935439786088769 0.9411805314064372
2 -2.6349196546728177 -0.7012193164093103
1 1.6240917502065861 -2.0659291196238887
1 1.524840023070729 -2.5936405414884858
1 1.5333712214781647 -1.8980044122707649
1 2.3114326006222004 -2.921980729222417
2 1.5002972858262642 -1.6258583176839392
1 1.821484794360721 -1.0881389710484544
1 1.2556497433062115 -1.5419514494800661
2 0.42122258731998863 0.41041341436194245
2 -2.174013532822773 -0.25066831611688534
1 0.015117236995218164 -0.4543773167989763
1 2.139843358331367 -2.3263851025996667
2 -0.6200769512277662 -0.16473532361536503
2 -0.9019332133375934 -1.208130318240477
2 -1.959458735267217 -0.9706842658398317
1 -0.1861914179044335 0.1856358051064435
1 1.4640231541691968 -1.3118055080902744
1 0.9641634773479627 -0.2731596625322186
2 -0.9675282277137275 -1.9614982050045426
1 0.7945628717425293 -1.9704639657233458
2 -1.0213988183711786 -0.5224473972421504
2 0.4053462801855179 -1.0612473771438258
2 -1.3479908307496444 -2.265557229320061
1 -1.6156370191670426 1.521970029399693
2 -0.4009522036031937 -1.7216463521405836
1 0.5260097068542953 0.1442466677687726
1 1.9650543209941191 -2.674855424282768
2 -1.297177109708619 -0.6456372130634767
2 0.12607199765256216 0.120368523860517
1 -0.46503058425872457 1.6535207482803504
2 -1.5544851134830229 -0.9633087587443137
1 0.7540284661489217 -0.5544396632124877
2 -1.13604658495958 -1.0865533843625277
1 -0.3957826685263841 1.8531862394450274
1 1.2115696446562672 -1.3822744825239797
2 -1.6243125632624142 -1.8870386760790243
1 0.4393445911531919 -0.11598413487646708
2 0.466945450566284 -0.1287392824755672
2 -1.2311589575650026 -2.4553315377504648
1 2.241325310852866 -2.8150342544340115
1 0.8332299256452483 -1.4580605420207755
1 0.12593259256239064 0.14927269557294776
1 1.0396162661338164 -0.4941034172311888
2 -0.21806424616443776 -0.10268833194357285
1 1.6308606660453748 -1.8911347966063288
2 -0.1991231841937785 -1.3623271296883077
1 -0.5773097035261239 0.11460494434894142
1 0.5823795847849367 -1.2619389627390303
2 0.6026575163405938 -0.9068139490753222
1 2.5802028607318537 -2.7859305691965317
2 -0.5439258414436384 -1.0162884921507878
2 -1.5765024347020766 -1.5818696165209603
1 1.494197206496768 -1.8113322088833073
2 -1.8874402942488047 -1.1268627877334976
2 -0.46571999051686597 -1.3841981445746705
1 1.485935868572671 -1.8397850147998973
2 -0.9547687324432831 -0.48297299124949
2 -0.14267497437524967 -1.140623019482098
2 0.60497635457441 -2.157032269810319
2 -2.2815385847223926 -1.2216557666789236
1 1.2399438211829217 -2.3481108444680805
1 1.0906839206190782 -0.9482837688477479
2 -2.5077856657533575 -0.6643278278754619
1 1.3833896378615154 -0.8860352002527374
1 1.272912469087457 -1.7776637783004592
2 -1.8787671700374946 -1.7900315123795463
2 -0.3219541853471547 -1.4756324176547306
1 0.7946506532028002 0.10482852804032117
1 1.6596200342608833 -1.3514223330695592
1 1.071400185273158 -0.8468258262488534
1 0.2802205548471972 -0.2824011614597024
1 0.2947833782187185 0.24187606608228807
1 1.5149273054858357 -1.7755374054254152
1 1.004174294839895 -1.011168038360434
1 1.6029071916203668 -2.0638190399426084
2 -1.0943969722703757 -0.8631757408211661
1 1.0721228242445604 -0.9661245078761834
1 -0.439294150721504 1.1255811800456361
1 1.5380563601270376 -1.9298394551106104
2 -1.4481367115581831 -2.208554751866284
2 -0.39480380219288 -0.8247332008832468
1 0.5753978434335387 -0.9173847697805839
2 -1.8463350890696284 -2.729750173751359
1 0.6717586688693908 -0.38426232062203725
2 -0.2948150611898731 -0.06461084125753924
1 0.6782763681540385 -1.3035928424301348
2 -1.4366594707981097 -1.4046776330797088
2 -0.29844160012776066 0.21560909138276907
1 0.8845277554475325 -0.6744543971204809
2 0.31012647373775093 -1.2518171060020928
2 -2.771016596495877 -1.8467411423636597
2 -1.133923158387663 -0.74308020842263
2 -1.646332300317281 -1.7309357059056225
2 -0.4972888018103686 -0.3372390819859574
2 -0.6020176712941953 0.09220294603321721
1 1.085949556340996 -0.7636478712914195
2 -0.554321423326827 -0.9882464023398798
1 1.6906176996379778 -2.5870130361727828
2 -1.0396608617057057 -0.3257086359931798
1 2.5118329881609487 -2.9668239938212064
2 -1.676517279323571 -0.21456137534320208
1 1.5960103006911854 -2.039235943581245
2 0.27586631234474135 -0.8579201883249244
2 -0.7923045575016171 -1.2234331426400056
2 -2.2886859467356153 -3.262357204094303
2 -1.9587731038889498 -2.7254676634255377
2 -0.19996089728335398 -0.3134567284027253
1 0.19870428824053799 -0.22205218878910715
1 0.04396847187259578 0.3831893759231493
1 0.26761288763863844 -0.5250862873024578
1 1.0745688530442243 -1.675974901314131
1 2.160232100727372 -1.5028688835633384
1 0.583806260269236 -0.26772727064641033
1 0.3678578851081068 0.3563278850381133
1 -0.4597381095840818 0.7550127329360397
1 -0.517640120941357 1.2288068687434603
1 3.2346142469069377 -3.882211157691476
1 -0.20118682713253522 0.6225878487484622
1 1.877329684173819 -2.6719347717099255
2 -1.4595076880415692 -1.8179718277801762
2 -2.2181825730863944 -2.4228769384068842
2 -0.2999067806955944 -0.8230432066714257
1 0.9823055695823967 0.034827580218581566
1 -0.29800606037636146 -0.3227007817046722
2 -0.6386783021758093 -2.235410230475531
2 -1.2937551445075632 -2.462170689565418
2 -2.3682715694574097 -0.4053100450637922
1 0.7326673171017835 -1.763455516173976
1 0.46639534276256345 -0.3118109839924065
2 -2.845112767423579 -1.247519388978432
2 -2.9006156128564147 -1.6887063820182795
1 0.5587251970774156 -0.5963589383815022
1 -0.5525061062234147 1.3278347863243165
1 0.154016701477509 0.2074463444949155
1 -0.3130104652373382 0.8457928508880366
1 0.9729697149366471 -0.39248217158902277
2 0.26623311591188226 -0.5173446621088909
1 1.4049591260259948 -1.9561767678616617
2 2.0231964026525704 -1.0593939239675525
1 0.8576425150050611 -0.7947667202163613
2 0.2687363584072111 -0.4160236862405785
2 0.47594992436925 -1.5165365346504136
2 -2.756953563829307 -2.6466794721131324
1 0.4932918022957311 -0.9439295536468575
1 0.444994148221893 -0.5534951592256621
1 1.1258920716498009 -0.2849149600221249
2 -1.7396584875329153 -1.1705677073337284
1 0.430061632115881 -0.28422481357709306
2 -1.770843228033237 -1.1613416244352144
2 -0.5561210840913577 -1.1567165227132792
2 -0.3100474019006606 -0.5655844029889062
1 0.46156366552372585 -0.8020206520992058
2 -0.1269050249917414 -0.7619755377668402
1 1.1753792246651011 -1.8710681458313312
2 -1.2587556246412106 -0.8391197604903056
2 -0.40938704293731454 0.2760096044752469
2 -0.32386370208340387 -0.9816305263167854
1 1.283676867055227 -2.051792062647446
1 1.089665090106361 -0.9616595780851744
2 -2.9002317567109595 -0.48002801837311415
2 -0.17816558906822777 -0.9810054196753695
2 -0.017892077130101325 -1.2860409177567016
1 -0.609855549581672 1.4908108131204556
2 -1.3414690821407689 -1.5084415184124011
1 3.8854146877249502 -4.555885730908922
2 0.4666706984355422 -2.1404235897718724
1 2.0232707232507257 -2.320201103033053
2 -0.8569196013342562 -0.2824724527743915
1 0.5949462783954389 -0.642346322368124
2 -1.0439503463338733 -0.40190775187347905
2 -1.1550525009490582 -0.5390768633053951
1 0.37491873373651663 0.7003142633866102
1 1.3312411764213596 -0.8577478478809631
1 0.09491605081327226 0.08257183270263457
1 2.87312732538067 -4.0027588492793145
1 -0.014354661950766623 0.6352202953506716
1 -0.08936376326884488 0.5043224835266991
2 0.05357528438811676 0.3849395785899197
2 -0.21273490120325034 -0.017400227297160065
1 -0.8083649518267539 1.533754687788103
1 0.24079905680591063 0.375388975013244
2 -0.035920906385016105 -0.18341747602200653
1 2.0166464812824936 -1.8300585862963494
1 0.655202880242375 -0.08039435575074982
2 -1.3520282219745745 -0.18756471411270115
2 0.18407815122907567 -1.6452524700620759
2 -1.5675068273339896 -1.6430231202330905
2 -1.0433242497347661 -0.75966013143725
1 1.2737111672971804 -1.138952131622875
2 -2.5780627766758317 -1.4850652400898257
2 -1.8915322027696766 -1.0280380239430253
1 -0.4687586529909862 1.2676804713122989
2 -0.3488045185150984 -0.6607604119834423
1 -1.0720158232341421 1.3246669411534628
2 -1.057965710594039 -0.0784577808222594
2 -0.7806668267989164 -0.454165058852559
1 0.8677784287075452 -1.5379313604714206
1 1.6533330832238835 -1.2934528472976454
2 -2.636360128599762 -2.1240720682911207
1 1.4954517966350767 -0.5215564967266653
2 -1.317882376726878 0.16891215198792753
1 2.06400429130469 -2.3161782638487862
2 0.3135648488490217 -0.7942980049811296
2 -0.5063981783650171 -1.878669343877918
2 -2.066178739313509 -0.6825736764679926
1 0.31803404087186216 0.034229971701443596
2 0.5556084752751167 0.04194104799536169
2 -1.802520615505589 -1.4875303646961697
1 1.3658517986509024 -1.3122695686157555
1 2.4811600613655833 -2.7530307309992863
2 -2.741408148424786 -2.698613735663443
2 -1.2765803251923655 -1.2925274157487852
1 -0.778791519613069 -0.04179363805386971
1 0.8619002306663536 -1.1870131223808178
2 -2.1703214648019804 -1.918109670448204
1 0.80624622069733 -0.6668116463769738
2 -2.2489938509453973 -0.9108213510609873
1 3.1369759089095544 -3.451443175559474
1 0.6764437605797395 -0.2458408973313323
1 1.6937884910553505 -2.508989185381742
1 1.3677622854779377 -1.3215881038221602
1 0.8350577207928109 0.16827020992573982
1 1.3121259451299918 -1.0397880378051276
1 -0.12457557574765432 0.5770953290189709
1 1.5008018615687162 -1.638670736863658
1 0.9019059334525342 -0.9412635273205039
2 -0.7467916658904417 -0.6304286209576863
2 -0.44018848149927203 -0.11027552574711152
1 1.9865717048078915 -2.3750676468643257
1 0.7902620163678498 -0.6119532127147143
1 0.4727580765570052 -0.05735137643163413
2 -0.8243012511025175 -2.4577161440032036
2 -1.0807686514264252 -1.5594838959212676
1 -0.9547058496811023 2.006732555326674
2 -0.6591695207985044 -0.8945012253651526
1 0.89053602149308 0.1760424809100043
1 -0.7280879371408502 1.382120571824934
1 2.827930327301492 -2.6763872982233603
1 1.4201648992475095 -1.466201442181776
2 -2.0514469341876973 -0.8189658824796505
2 -2.6996254912353046 -2.039470995554963
2 1.3863152670943322 -0.8495741424660668
2 -1.672030560726128 -1.6613820126068926
1 1.876514105257794 -1.4141910313581587
1 1.3185749154350621 -1.3701829124055442
2 -0.85127040494244 -0.4951687291251259
2 -1.0452760618980708 -1.807568549153694
1 0.9815913216956005 -1.1273882380614433
2 0.5525724510323646 -0.20460318947084777
2 -0.2586335356261972 -0.5420088508039997
1 -0.379310544406825 1.3398167199040523
2 0.25372486305345765 -0.11869485190334228
2 0.6555555713611063 -0.5767564998623442
2 -2.2339524461580202 -1.5875125368121963
2 -1.9305409753745584 -1.58939134737954
2 -0.8562024016950442 0.06083414008059207
2 0.3885404276667579 -1.1629361063879737
1 1.9287204866065322 -1.5454489128334064
2 -1.5679453679770934 -1.8147209173014454
2 0.4631628538165644 -1.7920052336351513
1 0.10761512441730525 0.05822536795622835
2 -0.9673554080452273 -1.7311094339823931
2 -0.12182695520721076 -1.4269721783939762
2 -1.1405657965485463 -0.8109075699768593
1 2.2198654840336456 -1.6806680522872384
2 -0.3812736314872808 -0.30016374523471556
2 -0.8666841708677946 -1.3017631723021723
2 -1.7916629826405412 -0.6619401312892391
1 0.5867392125319 -1.2868488237941247
1 1.130005485247028 -0.5426096505714004
1 0.8771309769417721 -1.8718847134974212
1 0.6930830029371065 -0.5289233640921851
2 -1.2918048207240644 -1.4779315992219129
2 -2.162740308634609 -0.8688671788688337
2 -0.010459090285831252 -1.4019410745316434
2 -0.23377281965907848 -1.0782898277449653
1 0.38269737686106686 0.09788915137816723
1 0.5176614218012674 -0.6756879391022264
1 2.231774529448247 -1.997024050993304
1 0.6036442848480654 -0.9371284964593494
1 0.5671441767241412 -0.0927076275386759
1 -0.08660537829623127 0.27342631199013634
1 1.106941547484808 -0.9242882120692019
2 -2.0055013798449104 -0.3656165778146747
1 1.3249475739272003 -1.9075753887303764
1 1.9602975873778368 -2.0386314713347193
1 0.32346696310835654 -0.21094143214107974
1 -0.3417712675752853 1.0708934247085868
1 0.5144861413840125 -1.506771033878632
1 0.10715007901375317 -0.209731325495642
1 2.1790308042765445 -2.4515224235680986
2 -0.5099274566280249 0.518273664016468
2 -1.406138767850375 -0.7711882186226529
1 1.5714890505147805 -2.1496335367853217
1 0.3391802913880002 -0.6457080278245377
1 0.9019947577535513 -0.4822878727974713
2 -2.5599774932863397 -0.5942329674344291
2 -1.4193076437205405 -1.2421994564001846
